10
London
United Kingdom
64
31.9 160.8 19.8 18.9 17.4 16.6 15.9 14.6
30.0 155.2 20.3 150.1 168.7 153.1 162.0 13.6
29.1 168.5 21.9 154.3 9.5 10.5 11.1 12.2
28.2 160.7 22.7 163.5 8.3 159.7 150.6 153.7
27.6 167.9 23.5 153.7 7.0 159.8 161.3 164.1
26.9 25.0 24.3 158.5 6.3 159.2 162.1 152.6
165.6 155.7 151.5 159.8 5.4 168.9 150.9 168.1
150.9 158.3 150.5 167.4 4.5 3.8 2.6 1.8
60
1947.61 1458.04 1899.04 1662.82 1675.52 1425.36 1466.88 1106.55 1900.64 1835.91 1933.02 1321.75 1334.69 1119.29 1438.98 1823.74 1508.5 1597.25 1983.31 1855.06 1739.19 1123.79 1110.0 1054.8 1392.45 1615.17 1418.51 1071.37 1177.45 1215.15 1609.92 1161.16 1308.31 1558.09 1827.72 1755.85 1127.9 1242.4 1945.53 1604.07 1094.65 1809.74 1044.85 1174.91 1607.02 1509.7 1558.17 1320.23 1403.03 1163.84 1492.95 1959.38 1934.86 1215.73 1394.53 1948.01 1920.7 1733.28 1530.47 1550.26
51.507403
-0.127695
Paris
France
81
49.0 165.0 43.9 42.9 41.2 40.6 39.9 38.9 37.4
48.7 150.3 44.6 151.1 161.4 156.6 163.9 161.1 36.4
47.3 46.2 45.2 161.4 31.9 32.4 33.0 34.9 35.8
155.7 164.6 155.1 167.1 30.5 153.6 154.0 168.6 167.7
25.0 26.4 27.7 28.6 29.0 165.9 7.1 6.7 5.3
24.6 159.9 163.5 163.6 166.5 160.6 8.3 152.6 4.7
23.1 160.8 17.4 16.5 15.8 150.3 9.1 167.4 3.9
22.5 169.4 18.3 159.4 14.8 151.8 10.6 155.3 2.6
21.8 20.7 19.6 167.3 13.6 12.6 11.5 156.0 1.8
20
1335.7 1835.61 1398.58 1916.26 1876.67 1163.25 1709.39 1923.85 1374.75 1415.63 1126.37 1414.5 1125.0 1047.24 1311.74 1759.93 1035.26 1610.24 1592.04 1977.04
48.852873
2.350449
Berlin
Germany
49
29.9 160.4 25.8 24.9 23.6 22.2 21.9
28.9 27.4 26.4 168.0 152.7 153.6 20.7
157.5 160.3 160.4 152.7 17.9 18.9 19.7
12.4 13.1 14.8 15.6 16.0 167.7 159.1
11.6 159.3 167.2 155.6 164.8 162.9 153.3
10.9 9.9 158.3 5.5 4.8 3.7 150.1
156.0 8.9 7.4 6.3 164.2 2.5 1.5
54
1475.99 1181.44 1935.7 1809.68 1075.87 1993.07 1058.42 1371.04 1700.26 1990.18 1573.91 1201.68 1647.71 1463.27 1108.73 1065.19 1741.37 1831.1 1118.11 1695.06 1151.24 1973.63 1263.19 1651.27 1129.71 1382.82 1302.6 1619.39 1537.51 1947.7 1639.38 1691.52 1772.82 1461.03 1575.32 1064.15 1603.82 1142.9 1311.08 1877.41 1288.51 1139.44 1687.56 1327.09 1661.28 1111.96 1435.92 1707.39 1565.79 1263.69 1337.54 1820.16 1282.27 1157.44
52.518602
13.404734
Rome
Italy
144
75.3 74.9 73.1 152.1 160.9 155.1 55.4 54.5 53.1 52.0 51.8 50.2
166.8 165.0 72.1 161.8 150.5 57.0 56.1 155.8 153.2 159.1 158.3 49.9
169.5 70.3 71.9 166.8 158.4 58.5 157.5 44.6 45.5 46.0 47.0 48.5
68.8 69.8 160.1 61.3 60.3 59.4 153.0 43.6 158.3 167.7 164.1 164.8
67.4 156.2 169.4 62.4 153.6 169.5 41.0 42.8 160.6 14.1 13.1 12.7
66.1 65.6 64.2 63.2 167.3 39.4 40.7 169.9 16.8 15.2 161.2 11.2
161.0 153.7 165.9 160.0 155.8 38.5 152.8 18.6 17.1 155.4 160.5 10.6
150.3 33.4 34.5 35.2 36.6 37.2 159.8 19.4 159.5 156.4 155.2 9.5
31.4 32.1 163.1 157.2 167.5 151.7 168.2 20.9 153.9 6.0 7.7 8.8
30.4 154.7 164.7 165.3 162.6 167.2 22.9 21.5 150.3 5.6 168.6 152.0
29.7 28.8 27.9 26.2 25.0 24.8 23.2 159.4 156.9 4.8 153.3 159.0
163.3 157.5 159.7 155.5 161.3 164.6 151.3 167.6 150.7 3.0 2.5 1.9
34
1683.46 1909.91 1156.43 1187.87 1489.45 1234.66 1495.96 1795.79 1735.93 1653.1 1046.41 1568.33 1130.12 1203.28 1498.97 1773.78 1354.78 1166.0 1478.33 1219.73 1073.43 1918.17 1412.01 1181.89 1415.93 1700.27 1648.09 1657.42 1546.82 1112.66 1889.41 1834.53 1791.58 1509.83
41.903074
12.499215
Reykjavik
Iceland
100
19.5 151.8 154.3 154.1 156.8 164.5 152.6 150.6 168.4 157.1
18.1 17.6 160.6 159.3 155.2 159.1 169.7 162.2 163.5 169.2
162.7 16.6 15.3 158.7 167.1 154.6 157.9 159.0 161.7 153.6
161.9 166.3 14.4 13.4 163.8 154.1 168.6 165.6 155.9 159.1
159.8 158.1 166.5 12.0 11.7 163.4 169.4 157.0 161.1 167.4
169.8 150.0 160.5 162.8 10.5 9.5 150.6 152.0 168.9 153.4
159.7 167.9 158.5 161.5 158.3 8.9 7.1 162.7 157.3 163.3
154.5 168.3 165.4 161.1 169.0 152.2 6.7 5.4 162.0 151.5
157.5 162.2 157.7 162.5 150.0 154.1 150.4 4.8 3.4 164.6
151.1 156.1 159.7 169.9 156.5 157.2 155.5 167.8 2.5 1.0
60
1571.51 1815.61 1829.62 1633.68 1365.15 1565.13 1656.5 1404.76 1439.86 1558.67 1702.14 1519.49 1908.78 1056.34 1344.08 1901.55 1801.58 1870.88 1643.86 1999.69 1282.75 1271.68 1885.29 1976.74 1113.17 1444.3 1140.69 1243.81 1263.67 1804.42 1943.22 1076.2 1175.87 1463.15 1543.74 1089.39 1820.91 1358.24 1592.71 1282.43 1612.13 1809.94 1940.4 1081.98 1285.86 1468.21 1140.88 1546.29 1596.84 1262.53 1869.52 1510.68 1139.14 1740.45 1164.23 1805.99 1908.49 1244.27 1159.16 1432.79
64.140420
-21.948584
Athens
Greece
81
45.3 151.7 39.1 38.5 37.8 36.2 35.8 34.5 33.2
44.2 163.0 40.1 162.9 162.9 155.1 151.5 152.5 32.0
43.9 42.1 41.1 163.9 23.8 24.8 25.9 152.1 31.1
162.7 162.5 154.8 158.1 22.8 168.2 26.8 161.4 30.5
167.7 18.0 19.9 20.3 21.7 152.6 27.3 28.8 29.5
16.4 17.7 168.2 159.5 152.6 159.3 151.9 163.3 150.9
15.6 157.6 163.6 160.2 7.6 6.4 5.1 169.5 162.6
14.8 154.3 165.8 9.7 8.8 169.4 4.2 3.5 169.1
13.3 12.0 11.3 10.5 159.9 151.9 167.8 2.5 1.7
29
1502.42 1719.02 1776.34 1859.32 1330.91 1259.06 1851.34 1014.71 1125.76 1900.08 1545.76 1856.44 1536.58 1624.19 1397.02 1658.5 1876.95 1245.45 1201.79 1727.11 1155.7 1067.4 1409.08 1351.69 1498.02 1147.47 1891.84 1776.14 1737.68
37.971673
23.726629
Stockholm
Sweden
121
69.4 68.5 67.4 156.9 53.4 52.7 51.5 50.1 49.6 48.8 47.3
162.4 157.0 66.2 165.9 54.0 167.7 155.1 168.9 151.2 158.5 46.6
63.4 64.4 65.3 165.3 55.3 158.8 41.6 42.9 43.2 44.9 45.8
62.7 167.4 161.0 168.3 56.4 155.9 40.2 163.9 166.9 157.0 160.5
61.0 60.2 59.4 58.3 57.1 163.8 39.3 38.6 37.7 36.7 35.6
151.8 160.4 168.4 162.3 159.6 153.4 150.8 152.6 168.1 165.3 34.5
161.0 24.6 25.4 26.0 27.3 28.4 29.4 30.6 31.0 32.5 33.5
22.3 23.3 152.1 163.7 152.9 157.9 161.9 155.4 151.4 151.5 158.0
21.3 164.3 152.6 14.9 13.5 12.2 163.8 6.4 5.2 4.8 3.5
20.4 164.7 158.1 15.7 154.9 11.0 151.0 7.5 150.5 165.5 2.6
19.5 18.2 17.6 16.9 168.9 10.2 9.9 8.4 159.5 160.1 1.3
64
1437.22 1132.37 1163.98 1059.25 1383.3 1757.89 1782.9 1847.69 1500.98 1167.64 1341.1 1285.91 1624.0 1348.83 1768.31 1989.49 1740.91 1739.13 1924.81 1768.5 1791.04 1620.75 1438.83 1918.96 1383.14 1790.24 1869.5 1114.62 1774.72 1354.8 1794.19 1021.98 1030.65 1435.36 1650.81 1371.51 1260.43 1905.33 1469.66 1809.84 1282.08 1203.07 1603.33 1063.14 1430.98 1081.84 1393.02 1616.81 1431.01 1394.18 1767.23 1083.67 1660.1 1050.09 1907.42 1050.69 1743.97 1485.3 1600.96 1471.5 1998.84 1408.25 1146.76 1551.54
59.327502
18.068313
Tokyo
Japan
49
13.1 169.4 159.5 151.6 159.2 157.4 154.6
12.4 159.2 151.9 157.9 157.2 155.9 157.1
11.3 158.2 157.1 151.1 162.6 153.0 160.3
10.3 9.2 8.1 7.8 6.0 5.2 4.5
153.5 152.8 157.3 162.5 154.6 164.2 3.9
165.1 168.8 165.2 169.5 154.4 163.4 2.0
165.5 160.7 161.0 152.3 150.6 150.1 1.5
69
1761.84 1316.8 1784.5 1331.21 1400.97 1900.59 1756.22 1487.15 1595.65 1592.41 1902.25 1436.03 1026.35 1814.43 1076.21 1811.88 1404.86 1605.4 1450.26 1742.71 1059.03 1034.38 1249.69 1306.95 1672.34 1267.64 1779.51 1166.33 1828.71 1499.26 1926.09 1662.02 1287.76 1318.19 1304.31 1897.04 1479.62 1267.61 1342.94 1402.42 1302.5 1652.95 1312.13 1376.36 1951.89 1486.6 1926.83 1551.3 1725.15 1335.85 1212.03 1266.45 1101.29 1044.25 1631.98 1314.36 1053.71 1697.37 1953.16 1201.22 1234.9 1227.61 1661.82 1685.97 1293.43 1916.66 1934.18 1332.15 1618.6
35.708410
139.732775
Moscow
Russia
100
51.9 154.6 27.4 26.7 25.2 158.7 162.7 168.7 162.8 153.3
50.3 160.5 28.0 169.6 24.2 155.7 151.8 17.0 16.0 15.1
49.1 163.4 29.3 157.8 23.1 169.0 19.7 18.7 164.5 14.3
48.4 156.3 30.2 150.5 22.5 21.6 20.5 159.5 169.4 13.6
47.2 161.6 31.3 154.2 156.9 166.8 153.6 161.1 11.8 12.4
46.7 153.4 32.5 33.2 157.9 155.2 8.8 9.2 10.9 157.0
45.6 152.8 157.0 34.5 162.2 156.6 7.4 168.3 152.7 159.2
44.1 156.1 167.4 35.3 36.9 151.7 6.1 165.4 152.4 150.6
43.4 154.5 158.5 165.3 37.3 162.7 5.2 4.8 3.7 2.5
42.6 41.9 40.3 39.6 38.1 159.4 160.6 161.1 160.4 1.7
34
1862.8 1382.46 1591.02 1757.9 1834.7 1978.68 1172.55 1972.52 1881.07 1537.78 1440.42 1660.08 1720.36 1945.99 1398.09 1435.06 1148.8 1839.31 1752.74 1120.27 1050.79 1532.87 1617.06 1300.72 1943.39 1414.66 1432.46 1378.6 1802.43 1300.16 1270.2 1834.0 1082.23 1183.21
55.756475
37.617248
Wellington
New Zealand
121
65.7 64.9 166.5 150.1 157.2 165.8 19.8 18.6 17.3 163.7 153.2
161.5 63.5 168.1 166.8 161.0 167.8 20.6 160.1 16.3 15.2 14.2
167.3 62.1 61.6 60.3 154.1 22.8 21.6 164.8 156.5 158.3 13.5
155.9 166.8 162.3 59.3 157.3 23.0 159.2 151.2 165.5 11.5 12.7
55.2 56.4 57.2 58.8 157.0 24.6 25.7 26.2 151.4 10.3 150.4
54.8 166.5 162.5 166.0 154.3 162.8 166.5 27.9 165.4 9.1 8.5
53.4 52.2 51.0 50.5 150.1 30.0 29.4 28.2 153.4 155.6 7.5
164.3 160.5 155.7 49.9 161.8 31.9 160.5 153.0 158.4 5.1 6.4
45.6 46.0 47.4 48.5 168.9 32.4 33.6 34.8 165.0 4.0 151.8
44.2 162.8 150.7 150.7 165.4 153.9 150.0 35.8 153.4 3.0 2.4
43.8 42.1 41.1 40.5 39.1 38.2 37.1 36.6 168.5 156.7 1.6
65
1668.28 1047.32 1549.91 1435.18 1223.52 1489.73 1674.05 1706.17 1841.57 1874.02 1819.09 1305.09 1605.4 1169.71 1061.1 1002.76 1185.83 1346.76 1379.65 1978.72 1307.83 1276.35 1613.95 1713.27 1601.86 1611.25 1197.78 1095.74 1165.83 1482.8 1535.49 1604.26 1977.43 1275.31 1374.68 1015.33 1119.78 1773.62 1071.45 1619.42 1016.11 1843.42 1884.1 1018.81 1529.7 1187.45 1140.43 1791.58 1268.27 1154.79 1893.03 1266.06 1220.96 1386.64 1749.31 1909.59 1024.24 1180.82 1800.07 1066.88 1926.58 1605.71 1702.34 1753.84 1419.86
-41.296173
174.768929