5
Bern
Switzerland
36
19.1 162.0 156.6 12.7 11.8 10.2
18.3 163.4 14.0 13.4 150.3 9.5
17.5 16.0 15.9 160.1 159.6 8.4
169.1 167.5 162.4 5.2 6.9 7.3
157.6 154.9 158.1 4.5 152.0 153.1
164.7 158.8 157.3 3.7 2.0 1.2
64
1540.54 1075.12 1253.06 1344.58 1409.16 1125.46 1681.2 1847.47 1714.74 1960.66 1652.25 1427.04 1862.67 1292.59 1271.04 1486.03 1502.07 1714.42 1167.9 1211.8 1138.4 1779.34 1289.65 1572.36 1509.21 1106.55 1048.71 1930.64 1831.0 1424.76 1200.37 1447.84 1073.5 1647.4 1581.43 1400.14 1933.28 1320.38 1993.2 1595.16 1331.09 1609.88 1381.06 1028.79 1173.87 1262.42 1572.61 1826.8 1565.44 1910.13 1638.87 1037.05 1221.63 1577.98 1114.73 1569.81 1971.79 1312.93 1927.82 1618.71 1590.64 1107.79 1061.53 1833.16
46.948760
7.457551
Luxembourg City
Luxembourg
16
7.6 6.4 157.1 154.2
153.8 5.1 158.1 158.1
160.6 4.8 3.9 2.9
162.9 165.3 153.9 1.7
28
1860.96 1460.29 1891.93 1262.64 1337.48 1181.65 1030.1 1210.56 1541.16 1193.21 1387.7 1961.98 1000.95 1826.48 1040.35 1285.14 1989.19 1836.17 1859.26 1953.45 1232.88 1884.54 1753.61 1044.71 1139.26 1617.11 1929.21 1384.67
49.610918
6.132972
Vaduz
Liechtenstein
25
9.3 160.1 155.5 157.8 165.3
8.8 7.2 6.8 166.0 159.7
158.8 162.5 5.6 4.8 158.7
150.1 165.5 163.3 3.3 165.4
154.1 166.1 163.3 2.7 1.2
27
1721.08 1713.53 1601.62 1522.68 1270.4 1328.84 1101.94 1449.34 1608.61 1422.67 1406.12 1473.88 1487.81 1875.82 1758.48 1317.11 1690.65 1743.03 1776.69 1600.98 1572.0 1590.65 1661.78 1254.66 1679.72 1977.26 1583.53
47.141047
9.520947
Monaco
Monaco
9
5.0 157.7 167.4
4.5 161.6 158.9
3.2 2.8 1.2
39
1479.34 1937.94 1446.66 1918.89 1404.09 1885.81 1307.05 1315.7 1747.45 1135.3 1342.37 1051.81 1608.85 1972.16 1845.14 1856.96 1365.36 1462.91 1794.87 1341.59 1856.29 1982.17 1781.16 1636.93 1680.19 1435.93 1737.61 1919.94 1305.92 1166.43 1826.81 1451.13 1450.58 1703.51 1557.97 1374.69 1328.8 1908.22 1166.61
43.731689
7.425073
Vatican City
Vatican City
4
3.9 166.0
2.9 1.3
22
1266.54 1947.88 1875.37 1820.83 1982.02 1073.62 1105.26 1292.78 1676.28 1096.23 1583.84 1539.56 1368.14 1699.11 1213.48 1218.27 1026.67 1343.25 1680.92 1551.0 1352.9 1518.53
41.902150
12.456133